colour	x	y	fill
#F8766D	0.38333395688102	0.621790911795265	#F8766D
#F8766D	0.408842203440909	0.566837770931396	#F8766D
#F8766D	0.382508315198347	0.573804298136459	#F8766D
#00BFC4	0.483671336732554	0.561923569398844	#00BFC4
#C77CFF	0.360402511819015	0.585385756784571	#C77CFF
#00BFC4	0.452987858560189	0.542525650299823	#00BFC4
#C77CFF	0.357352340642833	0.570843606964702	#C77CFF
#00BFC4	0.437366504199467	0.545670398962079	#00BFC4
#F8766D	0.398414818826405	0.571599898270346	#F8766D
#F8766D	0.393147286980604	0.597223023360675	#F8766D
#F8766D	0.410919608735249	0.587874314626503	#F8766D
#C77CFF	0.393646683184147	0.484828183791004	#C77CFF
#00BFC4	0.517855714160132	0.606511054233647	#00BFC4
#00BFC4	0.480957651324323	0.578042288200861	#00BFC4
#00A9FF	0.354361747461662	0.359016077908691	#00A9FF
#00BFC4	0.473560554290618	0.542759059268081	#00BFC4
#00BFC4	0.408281415733715	0.460129354726005	#00BFC4
#CD9600	0.274117130428276	0.286745713443203	#CD9600
#C77CFF	0.398730309780987	0.527306318118231	#C77CFF
#FF61CC	0.557290785667051	0.621771083753586	#FF61CC
#00BFC4	0.484355182360618	0.67563792497404	#00BFC4
#00BFC4	0.485602313045414	0.505594009939115	#00BFC4
#00BFC4	0.513995563666264	0.460550597026474	#00BFC4
#FF61CC	0.565014853337407	0.645403491801201	#FF61CC
#00BFC4	0.484213669827221	0.60444391095042	#00BFC4
#CD9600	0.328188839347581	0.33955007185769	#CD9600
#00BFC4	0.480815855269714	0.643770030117251	#00BFC4
#00BE67	0.386595836327248	0.278641512351757	#00BE67
#00BFC4	0.471345857693277	0.588547701369451	#00BFC4
#F8766D	0.420931116013403	0.67546769442362	#F8766D
#C77CFF	0.335487612785716	0.595407862150222	#C77CFF
#F8766D	0.419394486655613	0.564555659651165	#F8766D
#00BFC4	0.501705024997449	0.478080400424656	#00BFC4
#C77CFF	0.406933770491888	0.536238795553743	#C77CFF
#00BFC4	0.431614950690073	0.590039017713437	#00BFC4
#C77CFF	0.397388781833014	0.517857539135181	#C77CFF
#C77CFF	0.420974455993356	0.54117870455569	#C77CFF
#00BFC4	0.441210953780871	0.520968897082205	#00BFC4
#00BFC4	0.494775180348189	0.634255836997096	#00BFC4
#00A9FF	0.386971607567495	0.433084245292301	#00A9FF
#00BFC4	0.432526329372086	0.511580776183291	#00BFC4
#00BFC4	0.473167314249711	0.583228188062514	#00BFC4
#00BFC4	0.472912382798183	0.542196917247125	#00BFC4
#F8766D	0.404006533365137	0.533845592032694	#F8766D
#00BE67	0.424899606558401	0.536142673404814	#00BE67
#00BFC4	0.490221261702305	0.4743340975767	#00BFC4
#00A9FF	0.364840468576782	0.383974470395482	#00A9FF
#C77CFF	0.366737490331047	0.595839175896969	#C77CFF
#F8766D	0.351416218141302	0.541385445620359	#F8766D
#C77CFF	0.442590815632931	0.502053848690515	#C77CFF
#00BFC4	0.481214101386489	0.497375738829628	#00BFC4
#00BFC4	0.441742218889945	0.53592112461796	#00BFC4
#00BFC4	0.499298302759048	0.433103799178923	#00BFC4
#00BFC4	0.497188337645312	0.563706707187424	#00BFC4
#CD9600	0.330162053030054	0.422843396087935	#CD9600
#00BFC4	0.476611137163274	0.562375854339079	#00BFC4
#00BFC4	0.46641490124321	0.532734443457259	#00BFC4
#00BFC4	0.451196425926134	0.532578745903119	#00BFC4
#C77CFF	0.419028512533199	0.549092847055037	#C77CFF
#C77CFF	0.384901623143746	0.55562190693058	#C77CFF
#C77CFF	0.388379563034821	0.515525954132462	#C77CFF
#00BFC4	0.401108208942779	0.495819028125601	#00BFC4
#C77CFF	0.396929238144194	0.48019073114349	#C77CFF
#C77CFF	0.41718676068491	0.494750209019246	#C77CFF
#00BFC4	0.414714150798893	0.523851724358671	#00BFC4
#00BFC4	0.464205210721737	0.472597923065439	#00BFC4
#00BFC4	0.45639305974463	0.539819491770986	#00BFC4
#C77CFF	0.369385283787841	0.506659165559958	#C77CFF
#C77CFF	0.397278026987162	0.553643649534585	#C77CFF
#C77CFF	0.386825624526146	0.467747032083987	#C77CFF
#C77CFF	0.378197470869105	0.524150669708764	#C77CFF
#C77CFF	0.427160341451629	0.468642653322079	#C77CFF
#00BFC4	0.418287183170835	0.531401354889647	#00BFC4
#C77CFF	0.405974414599229	0.45875277376044	#C77CFF
#00BFC4	0.427902747788323	0.399746843474479	#00BFC4
#00BFC4	0.416971779983535	0.485838855258395	#00BFC4
#C77CFF	0.447984069471881	0.489060030161165	#C77CFF
#C77CFF	0.445546717721197	0.479099705683548	#C77CFF
#00BFC4	0.45786715644095	0.451446491510738	#00BFC4
#CD9600	0.342975041198154	0.39324642814973	#CD9600
#00BFC4	0.395181025922476	0.488237251928023	#00BFC4
#00BFC4	0.475225853235048	0.535002011852677	#00BFC4
#00BFC4	0.505679006105923	0.598952759674728	#00BFC4
#00BFC4	0.485831531432742	0.587813646653836	#00BFC4
#00BFC4	0.505572305767727	0.376668015887543	#00BFC4
#C77CFF	0.46434691284474	0.371828024653301	#C77CFF
#C77CFF	0.4440881552146	0.342044611024157	#C77CFF
#C77CFF	0.455423970917625	0.390122630903898	#C77CFF
#CD9600	0.37921078878718	0.382886925703437	#CD9600
#C77CFF	0.4042925017216	0.397795823210943	#C77CFF
#CD9600	0.417699854702669	0.308592605961176	#CD9600
#00BFC4	0.479116594693721	0.391852539476189	#00BFC4
#00BFC4	0.469782369809647	0.391502845118534	#00BFC4
#C77CFF	0.454975906910874	0.385098582179157	#C77CFF
#C77CFF	0.425421674301044	0.478815700188901	#C77CFF
#C77CFF	0.416627118439357	0.515362980191649	#C77CFF
#00BFC4	0.535607612447659	0.395503792965607	#00BFC4
#00BFC4	0.464511066977404	0.53827506845544	#00BFC4
#00BFC4	0.52043793773418	0.561441649237176	#00BFC4
#00BFC4	0.487054184142764	0.474182033271631	#00BFC4
#00BFC4	0.510977167464007	0.538313357816283	#00BFC4
#C77CFF	0.429479963426003	0.482843772812236	#C77CFF
#00BFC4	0.49032516979296	0.548999072981573	#00BFC4
#C77CFF	0.458861358772467	0.484796028235869	#C77CFF
#00BFC4	0.53134135179544	0.521063926663678	#00BFC4
#00A9FF	0.416838954884665	0.299667832119413	#00A9FF
#CD9600	0.394975368185366	0.304413866562574	#CD9600
#C77CFF	0.434863578262214	0.43268127170485	#C77CFF
#00BFC4	0.465048355448725	0.432626919684661	#00BFC4
#00A9FF	0.433582579877462	0.378092805179057	#00A9FF
#C77CFF	0.428428179124757	0.363335534881011	#C77CFF
#C77CFF	0.405697669245207	0.479757171788944	#C77CFF
#00BFC4	0.497506046732043	0.41300760427996	#00BFC4
#00A9FF	0.425156786081909	0.430583258040093	#00A9FF
#00BFC4	0.483453469852032	0.370350290759933	#00BFC4
#C77CFF	0.442326245178666	0.423853895297089	#C77CFF
#C77CFF	0.469457397967422	0.500438980458991	#C77CFF
#C77CFF	0.460003602627708	0.508856004424962	#C77CFF
#00BFC4	0.508820743750262	0.391274182314713	#00BFC4
#C77CFF	0.456703828144558	0.46452931817205	#C77CFF
#00BFC4	0.510160753087598	0.522420781484384	#00BFC4
#00BFC4	0.472609190614796	0.482143139048296	#00BFC4
#00BE67	0.482087429685629	0.310359568734212	#00BE67
#00BFC4	0.495265031480599	0.519734471345136	#00BFC4
#00BFC4	0.420359260320616	0.541191164202408	#00BFC4
#C77CFF	0.440389529024772	0.463862075123343	#C77CFF
#C77CFF	0.410443163288197	0.471275856489768	#C77CFF
#C77CFF	0.347949054106961	0.451692452134002	#C77CFF
#00BFC4	0.497061058494046	0.418681567997521	#00BFC4
#00BFC4	0.533011245119263	0.402307071503955	#00BFC4
#C77CFF	0.407941065047717	0.515575427854951	#C77CFF
#C77CFF	0.38700084234058	0.514622781781794	#C77CFF
#C77CFF	0.414932618965497	0.548535735812954	#C77CFF
#CD9600	0.395917916251399	0.338010394706582	#CD9600
#CD9600	0.331098733079791	0.298122143407327	#CD9600
#CD9600	0.365854232434988	0.354739616336677	#CD9600
#C77CFF	0.505483810764502	0.462447347389575	#C77CFF
#C77CFF	0.510637923692172	0.466986965507478	#C77CFF
#00BFC4	0.602869887210985	0.461673748375954	#00BFC4
#C77CFF	0.443957967017321	0.582411513398638	#C77CFF
#00BFC4	0.592982171618868	0.503332850075308	#00BFC4
#C77CFF	0.439404460067913	0.427564419229371	#C77CFF
#C77CFF	0.432831074409767	0.55689097889089	#C77CFF
#00BFC4	0.486559004865794	0.577456664541245	#00BFC4
#00BFC4	0.458621076703368	0.52214768562548	#00BFC4
#00BFC4	0.488843364401014	0.483580215728291	#00BFC4
#00BFC4	0.505341285248548	0.553067955299453	#00BFC4
#00BFC4	0.523492291593279	0.459909346061596	#00BFC4
#00BFC4	0.48871805410434	0.476025554418442	#00BFC4
#00BFC4	0.471506520056889	0.592082679358005	#00BFC4
#00BFC4	0.506066506305796	0.542162251246819	#00BFC4
#00BFC4	0.512261207373857	0.496645592088987	#00BFC4
#FF61CC	0.557129423781929	0.60294380833376	#FF61CC
#00BFC4	0.510391206564351	0.619864353952494	#00BFC4
#7CAE00	0.569313836227939	0.617154552286055	#7CAE00
#C77CFF	0.4420285093151	0.517043252671746	#C77CFF
#00BFC4	0.473634116390202	0.515518555501059	#00BFC4
#C77CFF	0.415402908571218	0.49659876094493	#C77CFF
#00BFC4	0.479680869866145	0.514333613375011	#00BFC4
#00BFC4	0.446001632786967	0.520812076724166	#00BFC4
#C77CFF	0.393384904977423	0.554247998779891	#C77CFF
#00BFC4	0.530946142899941	0.424062577578057	#00BFC4
#C77CFF	0.382701159928536	0.527579423865668	#C77CFF
#00BFC4	0.469233189959783	0.459433589371233	#00BFC4
#00BFC4	0.467555910009026	0.541570483892963	#00BFC4
#C77CFF	0.440266471103902	0.456856135753537	#C77CFF
#00BFC4	0.494439801494402	0.47682250293746	#00BFC4
#00BFC4	0.453946480687682	0.497765129966461	#00BFC4
#00BFC4	0.450105106875032	0.533164644288638	#00BFC4
#00BFC4	0.513491568779505	0.53680583622031	#00BFC4
#00BFC4	0.518767916235094	0.53820210320576	#00BFC4
#00BFC4	0.501925427774989	0.533280645063599	#00BFC4
#C77CFF	0.405620619680393	0.491225017862535	#C77CFF
#C77CFF	0.404690786385853	0.505495184738867	#C77CFF
#C77CFF	0.463762920799676	0.590849498669566	#C77CFF
#00BFC4	0.531617273756511	0.489910238132915	#00BFC4
#C77CFF	0.426882772704658	0.479497760848324	#C77CFF
#C77CFF	0.459754822713689	0.489220758494178	#C77CFF
#00BFC4	0.509678572103334	0.536640351834328	#00BFC4
#C77CFF	0.470073704858148	0.520793463494675	#C77CFF
#00A9FF	0.428693732621746	0.319906029765699	#00A9FF
#C77CFF	0.430529778872658	0.464881532863408	#C77CFF
#CD9600	0.336068117365551	0.360613730440526	#CD9600
#C77CFF	0.434062954426053	0.475353402835592	#C77CFF
#CD9600	0.350912502471934	0.333579520754032	#CD9600
#00BFC4	0.488092108210876	0.418502388804722	#00BFC4
#C77CFF	0.387768584288654	0.506418205479124	#C77CFF
#C77CFF	0.398846392771398	0.502766942101173	#C77CFF
#C77CFF	0.439750173142126	0.490319325178164	#C77CFF
#00BFC4	0.489186413402948	0.540711754485911	#00BFC4
#00BFC4	0.528417919898787	0.504475869591442	#00BFC4
#F8766D	0.389735934258653	0.578533157004907	#F8766D
#F8766D	0.427194051036489	0.591463797116419	#F8766D
#00BFC4	0.474218970375695	0.560740024802599	#00BFC4
#00BFC4	0.505264235683734	0.564535801373044	#00BFC4
#00BE67	0.525491917861462	0.517306601823782	#00BE67
#00BFC4	0.472428644655803	0.424020654968144	#00BFC4
#C77CFF	0.430382242977015	0.514287895146323	#C77CFF
#C77CFF	0.482195177250037	0.47778393528329	#C77CFF
#CD9600	0.377945898707545	0.356895655395667	#CD9600
#C77CFF	0.41684514066583	0.42801810169941	#C77CFF
#C77CFF	0.417348852031375	0.488684618445584	#C77CFF
#C77CFF	0.480249645486355	0.490772723033767	#C77CFF
#C77CFF	0.465615290389605	0.413591952654503	#C77CFF
#CD9600	0.360989991329308	0.382136940461738	#CD9600
#CD9600	0.332059735758351	0.395906746205148	#CD9600
#C77CFF	0.485587380141772	0.564132837674124	#C77CFF
#CD9600	0.354138303159025	0.400072065522837	#CD9600
#C77CFF	0.457255800241964	0.544218342301663	#C77CFF
#C77CFF	0.41317755568476	0.519893934281609	#C77CFF
#C77CFF	0.47855555770897	0.529020123906201	#C77CFF
#CD9600	0.341823570036649	0.33709241463373	#CD9600
#C77CFF	0.517043516710296	0.581498269601691	#C77CFF
#C77CFF	0.506036606254857	0.552285662021447	#C77CFF
#C77CFF	0.491965291241106	0.582362029787616	#C77CFF
#CD9600	0.378863145405854	0.436755194690136	#CD9600
#00BFC4	0.473896628362092	0.568345282638837	#00BFC4
#00BFC4	0.463577746217634	0.53677257763834	#00BFC4
#C77CFF	0.4464171326705	0.530336169032362	#C77CFF
#00BFC4	0.499732956776618	0.522108263572205	#00BFC4
#00BFC4	0.558935819259457	0.514166721570693	#00BFC4
#C77CFF	0.390466067460162	0.426660133963336	#C77CFF
#C77CFF	0.491094052898853	0.520976275936544	#C77CFF
#00BFC4	0.472068414678246	0.572018630125644	#00BFC4
#CD9600	0.398001473083248	0.380442963286293	#CD9600
#FF61CC	0.558087222516472	0.548033997498139	#FF61CC
#00BFC4	0.476795042412234	0.494274594921524	#00BFC4
#00A9FF	0.403519307757527	0.399896672060281	#00A9FF
#00BFC4	0.45157276851263	0.560317375083796	#00BFC4
#00BFC4	0.498951071074196	0.492046713416752	#00BFC4
#00BFC4	0.523844567901476	0.549134922146123	#00BFC4
#C77CFF	0.452522197577517	0.590417062118919	#C77CFF
#C77CFF	0.455867852241459	0.511221132624088	#C77CFF
#00BFC4	0.518792805906344	0.486864446804168	#00BFC4
#C77CFF	0.444357770292212	0.568413054739939	#C77CFF
#F8766D	0.402251881780875	0.510278435752479	#F8766D
#00BFC4	0.536574354967253	0.509609775396904	#00BFC4
#00A9FF	0.385477499100532	0.324873338269811	#00A9FF
#CD9600	0.362367476934124	0.367816177059018	#CD9600
#C77CFF	0.47399396891494	0.469400179787822	#C77CFF
#C77CFF	0.468125097325711	0.523084238802849	#C77CFF
#C77CFF	0.463867935804493	0.538742008636687	#C77CFF
#00A9FF	0.378767735160119	0.41907712260566	#00A9FF
#C77CFF	0.450735681391546	0.586642246853431	#C77CFF
#00A9FF	0.391640875438622	0.446220066568975	#00A9FF
#00BFC4	0.486087569798432	0.502072452031474	#00BFC4
#C77CFF	0.480477306715566	0.440596527119564	#C77CFF
#00BFC4	0.514714221489527	0.423174222838105	#00BFC4
#C77CFF	0.446059528217743	0.429863858565489	#C77CFF
#C77CFF	0.439261106855187	0.360896328516838	#C77CFF
#C77CFF	0.437440885388179	0.381439777577163	#C77CFF
#C77CFF	0.445498779058028	0.577249095175644	#C77CFF
#CD9600	0.334406499779778	0.359318931233758	#CD9600
#00BFC4	0.523776333946451	0.587622160295491	#00BFC4
#C77CFF	0.420930700013105	0.523253641052337	#C77CFF
#C77CFF	0.419435896328454	0.546889844718727	#C77CFF
#00BFC4	0.476133550558403	0.465595616944703	#00BFC4
#00BFC4	0.489080252936489	0.465498057140996	#00BFC4
#00BFC4	0.517562160979483	0.583625958612855	#00BFC4
#00BFC4	0.490283060598609	0.551372590482738	#00BFC4
#00BFC4	0.458127416037036	0.503724496708473	#00BFC4
#00BFC4	0.462787044905424	0.479691635407109	#00BFC4
#00BFC4	0.465223573263159	0.479502669382467	#00BFC4
#00BFC4	0.458430196523948	0.558703629656172	#00BFC4
#C77CFF	0.438111604548274	0.442212792880891	#C77CFF
#C77CFF	0.465801576189632	0.48803581636813	#C77CFF
#00BFC4	0.481870960313449	0.382960871735222	#00BFC4
#C77CFF	0.399452738590694	0.368780845683284	#C77CFF
#C77CFF	0.462465844049641	0.467478672500988	#C77CFF
#00BFC4	0.51670617330574	0.433733865782154	#00BFC4
#C77CFF	0.445556228548673	0.374271987070445	#C77CFF
#C77CFF	0.468485738999743	0.380160908896478	#C77CFF
#00BFC4	0.494246952460391	0.375907969088098	#00BFC4
#C77CFF	0.405569283179778	0.461504498036793	#C77CFF
#C77CFF	0.453594238623141	0.515493798577327	#C77CFF
#C77CFF	0.422181034641918	0.505904139650853	#C77CFF
#C77CFF	0.448455916235718	0.569518887922066	#C77CFF
#00BFC4	0.537112466831524	0.414110917128384	#00BFC4
#00BFC4	0.524143127157992	0.466094855273725	#00BFC4
#00A9FF	0.456854727633991	0.436038620511581	#00A9FF
#C77CFF	0.495922336347691	0.517348494197252	#C77CFF
#00BFC4	0.471417167417057	0.560758475662385	#00BFC4
#C77CFF	0.409493768466967	0.548130414150037	#C77CFF
#C77CFF	0.419740607122479	0.485245802730934	#C77CFF
#00BFC4	0.517341346505468	0.523351068722782	#00BFC4
#00BFC4	0.511610371809144	0.490460082876857	#00BFC4
#00BE67	0.5445172383172	0.496231758879299	#00BE67
#00BFC4	0.489443275161589	0.465119850365808	#00BFC4
#00BFC4	0.576976070758336	0.45679422273224	#00BFC4
#00BFC4	0.555716581806351	0.474144846937623	#00BFC4
#CD9600	0.338937459061526	0.453955152120253	#CD9600
#C77CFF	0.484682024822007	0.521990702897736	#C77CFF
#00BFC4	0.525312513060287	0.43936589700127	#00BFC4
#C77CFF	0.424373093943814	0.512001875891118	#C77CFF
#00BFC4	0.530684776389692	0.498557037818074	#00BFC4
#C77CFF	0.481391889341596	0.51483269922286	#C77CFF
#00A9FF	0.389369102499633	0.445966809211127	#00A9FF
#C77CFF	0.462408678080209	0.533534024666177	#C77CFF
#C77CFF	0.445658206332214	0.565560137410809	#C77CFF
#00BFC4	0.49660909532559	0.392810216328219	#00BFC4
#00BFC4	0.530612926794175	0.37927521708287	#00BFC4
#00BFC4	0.523681936683273	0.408129466277516	#00BFC4
#C77CFF	0.434599959376161	0.506627010004823	#C77CFF
#00BFC4	0.478713843825338	0.537149386883725	#00BFC4
#CD9600	0.34218507365111	0.458412028045164	#CD9600
#CD9600	0.348631218705469	0.438153982009288	#CD9600
#00BFC4	0.543374617009139	0.574051382134469	#00BFC4
#C77CFF	0.458193625753342	0.54681827699885	#C77CFF
#C77CFF	0.430467696455142	0.52476479589738	#C77CFF
#00BE67	0.627818045585192	0.315304488737967	#00BE67
#00BE67	0.647803828847753	0.244943202149037	#00BE67
#C77CFF	0.503452413826217	0.459884589137864	#C77CFF
#C77CFF	0.479433231109946	0.474880146701868	#C77CFF
#C77CFF	0.495879687281603	0.372650965256149	#C77CFF
#00BFC4	0.562284833213367	0.308747048578154	#00BFC4
#00BE67	0.56457617198287	0.393555323272217	#00BE67
#00BFC4	0.547698455327265	0.387510541522339	#00BFC4
#00BFC4	0.551458468716922	0.337656925078062	#00BFC4
#00BE67	0.609980977340751	0.378913093314939	#00BE67
#00BFC4	0.513939504610994	0.399833483753911	#00BFC4
#00BE67	0.60866741483278	0.3288246703726	#00BE67
#00BFC4	0.482284495646213	0.402153894283517	#00BFC4
#00BFC4	0.52933012197375	0.436166918563555	#00BFC4
#00BFC4	0.532835332087141	0.487278432495029	#00BFC4
#00BFC4	0.484397575076182	0.536342651532864	#00BFC4
#00BFC4	0.505675518640694	0.583180101981296	#00BFC4
#C77CFF	0.433307515552997	0.526350028907472	#C77CFF
#00BFC4	0.506465074491262	0.512939856834732	#00BFC4
#00BFC4	0.545769859565472	0.586385224113252	#00BFC4
#00BFC4	0.468629508212767	0.599043052980295	#00BFC4
#00BFC4	0.538461291778648	0.572276908373832	#00BFC4
#FF61CC	0.600430287388321	0.598304110078447	#FF61CC
#00BFC4	0.504890145473043	0.53734589413241	#00BFC4
#C77CFF	0.440665039289368	0.42763374134145	#C77CFF
#C77CFF	0.450693032325457	0.441944717912328	#C77CFF
#C77CFF	0.428408617598067	0.425919925664948	#C77CFF
#00BFC4	0.482814937362336	0.406956831317014	#00BFC4
#00BFC4	0.500267709350921	0.552833148801392	#00BFC4
#C77CFF	0.478082887552183	0.438411975643041	#C77CFF
#00BFC4	0.509341262942434	0.495830192710183	#00BFC4
#C77CFF	0.451224709131006	0.461971590699212	#C77CFF
#C77CFF	0.449971710429914	0.473697724909523	#C77CFF
#C77CFF	0.467814646690652	0.568406901157167	#C77CFF
#00BFC4	0.532835743783616	0.492353077746158	#00BFC4
#C77CFF	0.437033823661616	0.500814676789008	#C77CFF
#00BFC4	0.516619896434663	0.413107674528838	#00BFC4
#00BFC4	0.525926155878733	0.454097012845781	#00BFC4
#C77CFF	0.445300601879458	0.465087826943936	#C77CFF
#C77CFF	0.472173747447932	0.489943628848147	#C77CFF
#00BFC4	0.480819214559681	0.517546286619543	#00BFC4
#00A9FF	0.416083104315134	0.345589812940163	#00A9FF
#C77CFF	0.4527893039288	0.532243981512378	#C77CFF
#00BFC4	0.491442807498164	0.487474949632247	#00BFC4
#C77CFF	0.458698444033051	0.480712328307272	#C77CFF
#F8766D	0.4138911731885	0.481488477891038	#F8766D
#C77CFF	0.486191795653956	0.546769916191728	#C77CFF
#C77CFF	0.44990081240261	0.506561595867718	#C77CFF
#C77CFF	0.500826845968393	0.492103575882112	#C77CFF
#C77CFF	0.500148456660151	0.531632355880401	#C77CFF
#C77CFF	0.494320137107156	0.450547064765338	#C77CFF
#00BFC4	0.50859574659333	0.447073745420089	#00BFC4
#00BFC4	0.533522537005172	0.474769044572517	#00BFC4
#C77CFF	0.458695368264296	0.47001431586497	#C77CFF
#CD9600	0.441131429733385	0.354849463528865	#CD9600
#CD9600	0.448362947955395	0.380425625341875	#CD9600
#C77CFF	0.458790744266375	0.380738143254054	#C77CFF
#C77CFF	0.432571955971499	0.484794752950796	#C77CFF
#C77CFF	0.477284516091826	0.481632828713826	#C77CFF
#C77CFF	0.414778515532046	0.424332019839981	#C77CFF
#C77CFF	0.498664398892401	0.465664776687076	#C77CFF
#C77CFF	0.511574731917171	0.48426211401801	#C77CFF
#C77CFF	0.416984718588289	0.468695882538369	#C77CFF
#C77CFF	0.453062561817592	0.495466925790442	#C77CFF
#C77CFF	0.475357310765409	0.416813289926978	#C77CFF
#CD9600	0.409370994067311	0.404202718840221	#CD9600
#CD9600	0.429713236320987	0.306992555340369	#CD9600
#00BFC4	0.476714505382191	0.489969783301682	#00BFC4
#00BFC4	0.53099624431113	0.438559161650411	#00BFC4
#C77CFF	0.456739374104926	0.43568513053515	#C77CFF
#C77CFF	0.494876291887479	0.414161635899503	#C77CFF
#C77CFF	0.459321597678973	0.39061572553868	#C77CFF
#00BFC4	0.513374945917358	0.414274165795099	#00BFC4
#C77CFF	0.451338128049137	0.431808847490982	#C77CFF
#00BFC4	0.513430593276152	0.469916633816532	#00BFC4
#C77CFF	0.474905475772216	0.532938339448815	#C77CFF
#00BFC4	0.511292946243626	0.504237429844311	#00BFC4
#CD9600	0.367412675695273	0.403615982265238	#CD9600
#C77CFF	0.487161074070567	0.524502864623058	#C77CFF
#C77CFF	0.460242331842512	0.48624792252658	#C77CFF
#C77CFF	0.440714535110654	0.461880184478278	#C77CFF
#00BFC4	0.491111649874774	0.468060815392707	#00BFC4
#00BFC4	0.495900076505065	0.467355273094624	#00BFC4
#C77CFF	0.501407195202277	0.536227601303565	#C77CFF
#00A9FF	0.40979905060724	0.359782268402377	#00A9FF
#C77CFF	0.472916188028282	0.528002063695939	#C77CFF
#C77CFF	0.50647503125887	0.520141028168151	#C77CFF
#C77CFF	0.463487282359817	0.485081431260319	#C77CFF
#00BFC4	0.498181076750318	0.499702567779378	#00BFC4
#C77CFF	0.494937267390832	0.481050838303281	#C77CFF
#00A9FF	0.40179027960968	0.44723840150514	#00A9FF
#00A9FF	0.433284020620946	0.461132872051455	#00A9FF
#C77CFF	0.457875466422657	0.438349081839639	#C77CFF
#C77CFF	0.44841326716963	0.424821358980962	#C77CFF
#00BFC4	0.534315168624495	0.415226811868256	#00BFC4
#C77CFF	0.479347365935344	0.459328600699681	#C77CFF
#C77CFF	0.487291802139584	0.431207008690847	#C77CFF
#C77CFF	0.494716452916818	0.420775948413208	#C77CFF
#C77CFF	0.514299485310995	0.495711509231814	#C77CFF
#C77CFF	0.458553572209687	0.53574205778136	#C77CFF
#C77CFF	0.472048025454783	0.477314322287168	#C77CFF
#C77CFF	0.47590620709406	0.485804301614288	#C77CFF
#C77CFF	0.489595761748972	0.528839821909502	#C77CFF
#C77CFF	0.538127787847847	0.517271895698502	#C77CFF
#C77CFF	0.465444705502042	0.509810048027922	#C77CFF
#C77CFF	0.471605701289066	0.488611653195903	#C77CFF
#C77CFF	0.481805424674359	0.534025721771155	#C77CFF
#C77CFF	0.521421355601317	0.430301316006476	#C77CFF
#C77CFF	0.456992464877123	0.481242324661626	#C77CFF
#C77CFF	0.465642148915446	0.499724774132965	#C77CFF
#C77CFF	0.447087118065429	0.468862642209424	#C77CFF
#C77CFF	0.431749801754055	0.452580796985422	#C77CFF
#C77CFF	0.400570414843377	0.561350375149504	#C77CFF
#C77CFF	0.441386077663699	0.532802490284265	#C77CFF
#C77CFF	0.440299481167253	0.564384982116604	#C77CFF
#CD9600	0.363926615412096	0.284845432298698	#CD9600
#00BFC4	0.58362264536707	0.549246166868115	#00BFC4
#CD9600	0.442236069145884	0.38238040109921	#CD9600
#C77CFF	0.515380341966408	0.447807637765999	#C77CFF
#C77CFF	0.507421350311345	0.43258845806558	#C77CFF
#C77CFF	0.49740258458152	0.450371518821609	#C77CFF
#C77CFF	0.509946819612437	0.458649050485428	#C77CFF
#C77CFF	0.445909234318213	0.438604697161483	#C77CFF
#C77CFF	0.429450475071538	0.498041828837993	#C77CFF
#C77CFF	0.466652107543554	0.484684773625345	#C77CFF
#C77CFF	0.435509119926024	0.534574291230026	#C77CFF
#C77CFF	0.500348564145834	0.527170449176616	#C77CFF
#CD9600	0.354344468250609	0.38196402720791	#CD9600
#00BFC4	0.510967528461268	0.501144675238247	#00BFC4
#00BFC4	0.534504530193277	0.500368688024186	#00BFC4
#CD9600	0.38009071456396	0.329295670439147	#CD9600
#00A9FF	0.463670329972171	0.299876636645112	#00A9FF
#00BFC4	0.473419453453696	0.476639690495591	#00BFC4
#00BFC4	0.464769357718898	0.453082595773122	#00BFC4
#C77CFF	0.421938406265409	0.507664918604674	#C77CFF
#00BFC4	0.548842668037098	0.549040995591486	#00BFC4
#CD9600	0.380145255008591	0.511710603898331	#CD9600
#00BFC4	0.555945388497204	0.551289838401215	#00BFC4
#C77CFF	0.481179478780895	0.476502556157435	#C77CFF
#C77CFF	0.513989034675936	0.541034171586132	#C77CFF
#C77CFF	0.501814990694007	0.539099244218385	#C77CFF
#00BFC4	0.50391807480889	0.411993177318768	#00BFC4
#00BFC4	0.502035770924365	0.492419889413066	#00BFC4
#00A9FF	0.450534999790469	0.337078862419554	#00A9FF
#CD9600	0.431029051204762	0.357629700222751	#CD9600
#00A9FF	0.466674492792297	0.295945001021585	#00A9FF
#00BFC4	0.529356568803115	0.517225094790888	#00BFC4
#00A9FF	0.452855445157794	0.36142927241197	#00A9FF
#00BFC4	0.489542872394063	0.513862877574989	#00BFC4
#00BFC4	0.486363080063029	0.465844118249581	#00BFC4
#C77CFF	0.46740405895138	0.417915489860034	#C77CFF
#C77CFF	0.467487260053703	0.427843668671048	#C77CFF
#00BFC4	0.572349323778035	0.446359529205531	#00BFC4
#C77CFF	0.528766292741457	0.425714734611255	#C77CFF
#C77CFF	0.476934903855908	0.398030619820472	#C77CFF
#C77CFF	0.517252311630506	0.462059353782545	#C77CFF
#C77CFF	0.476993215286982	0.459296455033078	#C77CFF
#C77CFF	0.473045681007873	0.419482272010339	#C77CFF
#C77CFF	0.447300957608984	0.497592216712633	#C77CFF
#00BFC4	0.52510666573357	0.42750642407158	#00BFC4
#C77CFF	0.473425922756074	0.468068204135577	#C77CFF
#00BFC4	0.526678518983035	0.392402374331599	#00BFC4
#C77CFF	0.505943766149796	0.505188800632396	#C77CFF
#C77CFF	0.511628732490065	0.519606001034924	#C77CFF
#00BFC4	0.518276096248092	0.515252990977666	#00BFC4
#C77CFF	0.48714693031622	0.486236738164934	#C77CFF
#C77CFF	0.479635590971433	0.470966961938127	#C77CFF
#00BFC4	0.512356171679461	0.402294774226941	#00BFC4
#C77CFF	0.479641330812467	0.487288341571602	#C77CFF
#C77CFF	0.496514860481331	0.462268168196776	#C77CFF
#C77CFF	0.50034200091185	0.500699779040882	#C77CFF
#C77CFF	0.452083644398242	0.480565294781076	#C77CFF
#C77CFF	0.456358437139037	0.518946309098793	#C77CFF
#C77CFF	0.43465354825258	0.536896251770608	#C77CFF
#C77CFF	0.456232303449413	0.501242357286685	#C77CFF
#C77CFF	0.454847842914137	0.484017805302542	#C77CFF
#C77CFF	0.432300220997168	0.547013396606265	#C77CFF
#CD9600	0.333458340047974	0.451397424647415	#CD9600
#CD9600	0.36112678130805	0.422334361038538	#CD9600
#C77CFF	0.429286007477829	0.508701704400626	#C77CFF
#C77CFF	0.475318599408504	0.547056716745981	#C77CFF
#00A9FF	0.425176953198503	0.348249008191681	#00A9FF
#00A9FF	0.409283164341939	0.398320103078133	#00A9FF
#00BFC4	0.559122516755959	0.59368523053545	#00BFC4
#7CAE00	0.586619639363307	0.538593720173328	#7CAE00
#00BFC4	0.573632668470198	0.536538874167114	#00BFC4
#00A9FF	0.479735153960252	0.412755744451915	#00A9FF
#00BFC4	0.561317523651347	0.468484578026878	#00BFC4
#C77CFF	0.494814621166438	0.479119544184605	#C77CFF
#C77CFF	0.39797170120757	0.532562775252061	#C77CFF
#C77CFF	0.502887031739631	0.464175980676793	#C77CFF
#00BE67	0.619938072349535	0.426087940844012	#00BE67
#00BFC4	0.545291449567651	0.479455696216616	#00BFC4
#C77CFF	0.463834102348194	0.42106387177136	#C77CFF
#C77CFF	0.518370077510973	0.542531631624358	#C77CFF
#00BFC4	0.559472824209565	0.545440328739924	#00BFC4
#00BFC4	0.562051972014859	0.489672911301151	#00BFC4
#C77CFF	0.510835778802051	0.46197633686365	#C77CFF
#C77CFF	0.482904324245825	0.545235279708025	#C77CFF
#00A9FF	0.378364444419999	0.417302923570926	#00A9FF
#00BE67	0.525780298243502	0.250026805931078	#00BE67
#C77CFF	0.440523243234759	0.49336148325784	#C77CFF
#C77CFF	0.473969079243691	0.520737836189413	#C77CFF
#00BFC4	0.511905031903956	0.386572713059898	#00BFC4
#C77CFF	0.467095165474438	0.595633984843276	#C77CFF
#00A9FF	0.445549257922036	0.489866079803734	#00A9FF
#C77CFF	0.447089370441233	0.469411364149468	#C77CFF
#00A9FF	0.442108382601966	0.379420024778331	#00A9FF
#00A9FF	0.388909341007768	0.378400851652702	#00A9FF
#00BFC4	0.581806194886504	0.448640517681862	#00BFC4
#C77CFF	0.490279890898248	0.505632421544688	#C77CFF
#C77CFF	0.496713732877589	0.442582325739603	#C77CFF
#00BFC4	0.594714275535469	0.466689133072752	#00BFC4
#7CAE00	0.60714899080996	0.525976710889363	#7CAE00
#7CAE00	0.598907102263367	0.510365904332843	#7CAE00
#00BFC4	0.519222131779355	0.564622176815105	#00BFC4
#00BFC4	0.550255094012376	0.52562590361634	#00BFC4
#00BFC4	0.523761366799153	0.539206743335109	#00BFC4
#00BFC4	0.580447163894215	0.527149355738397	#00BFC4
#00BFC4	0.565983304057245	0.465847741610119	#00BFC4
#C77CFF	0.348586067986018	0.536783731763544	#C77CFF
#00BFC4	0.464808391144495	0.440011065829654	#00BFC4
#C77CFF	0.485485312730448	0.484941938958166	#C77CFF
#C77CFF	0.462167190861517	0.515476582877639	#C77CFF
#00BE67	0.630057542225998	0.330275441859412	#00BE67
#C77CFF	0.398756628435091	0.466368093154424	#C77CFF
#00BFC4	0.511564363453088	0.471986297433461	#00BFC4
#C77CFF	0.474026567281815	0.571854380899759	#C77CFF
#C77CFF	0.481163816415909	0.559934249885933	#C77CFF
#C77CFF	0.476666278893987	0.577901520613635	#C77CFF
#00BFC4	0.41973946596466	0.505064023473293	#00BFC4
#00BFC4	0.445225898622055	0.512146551453317	#00BFC4
#C77CFF	0.512697002549247	0.56583183573991	#C77CFF
#C77CFF	0.501097156263693	0.586624908909013	#C77CFF
#00BFC4	0.528301425211902	0.523940600357371	#00BFC4
#C77CFF	0.456300949100913	0.467829764388446	#C77CFF
#C77CFF	0.489560087613343	0.415687608355262	#C77CFF
#C77CFF	0.412665440405901	0.437282670710787	#C77CFF
#C77CFF	0.451015786035535	0.439414105327219	#C77CFF
#00BFC4	0.449297508108412	0.544291460032517	#00BFC4
#00BFC4	0.457831109156324	0.587313285520914	#00BFC4
#00BFC4	0.486227435545929	0.552967885050575	#00BFC4
#C77CFF	0.484813074959714	0.54586674384106	#C77CFF
#C77CFF	0.501404119433523	0.525529588861263	#C77CFF
#C77CFF	0.498690434025291	0.54164830766328	#C77CFF
#C77CFF	0.461983251368902	0.476623597599802	#C77CFF
#00BFC4	0.475475456542017	0.564786548285721	#00BFC4
#00BFC4	0.469333610585208	0.518325907082674	#00BFC4
#00BFC4	0.496345476439537	0.466755954628192	#00BFC4
#C77CFF	0.424713762394681	0.426588291517555	#C77CFF
#C77CFF	0.418746027338144	0.553775865450066	#C77CFF
#C77CFF	0.422708812285763	0.505083709493177	#C77CFF
#C77CFF	0.523332486866273	0.573477903270694	#C77CFF
#C77CFF	0.501983645274456	0.559504323780458	#C77CFF
#C77CFF	0.477977872547366	0.49051946567592	#C77CFF
#C77CFF	0.453068301658626	0.511788305423917	#C77CFF
#00BFC4	0.499844123318944	0.491396798423931	#00BFC4
#C77CFF	0.486130820150602	0.479880713787949	#C77CFF
#C77CFF	0.471004361545638	0.516672587120602	#C77CFF
#C77CFF	0.422423251321952	0.499068715445904	#C77CFF
#00BFC4	0.515191808094399	0.519954460232481	#00BFC4
#C77CFF	0.482241185606093	0.496257720726687	#C77CFF
#00BFC4	0.509277211670326	0.418242977864102	#00BFC4
#00BFC4	0.535923391227277	0.361427864993635	#00BFC4
#00BFC4	0.551365756787122	0.432556464880151	#00BFC4
#00A9FF	0.475195379068716	0.291100131489643	#00A9FF
#C77CFF	0.477765461986665	0.452189322610495	#C77CFF
#C77CFF	0.475350747531425	0.390342619791243	#C77CFF
#00A9FF	0.442213809303258	0.332387179996582	#00A9FF
#00BFC4	0.520811488073135	0.44156051003554	#00BFC4
#00BFC4	0.51981342082357	0.49431791506124	#00BFC4
#00BFC4	0.530450140230021	0.517187918345412	#00BFC4
#00BE67	0.58918410784634	0.444628537954315	#00BE67
#00BFC4	0.507748291008163	0.461122800605176	#00BFC4
#00BFC4	0.534744494497506	0.492984541879193	#00BFC4
#00BE67	0.540272663392214	0.417759822542337	#00BE67
#00BE67	0.557742938425114	0.475678522987131	#00BE67
#00BFC4	0.511093250454417	0.513773981799226	#00BFC4
#C77CFF	0.421488695472758	0.482342288875415	#C77CFF
#C77CFF	0.433140289955401	0.496344380783184	#C77CFF
#CD9600	0.386788303604617	0.334296237525229	#CD9600
#CD9600	0.370282712608936	0.365110293256084	#CD9600
#C77CFF	0.459674285683646	0.484915946874336	#C77CFF
#C77CFF	0.422054900952294	0.488200187838745	#C77CFF
#C77CFF	0.423653201031125	0.534154314326098	#C77CFF
#C77CFF	0.4260844012443	0.52271861391911	#C77CFF
#C77CFF	0.440038398178216	0.50195768641661	#C77CFF
#C77CFF	0.478968269648784	0.538063855952237	#C77CFF
#00BFC4	0.513852532522229	0.511054403189475	#00BFC4
#00BFC4	0.551332051506085	0.456874729205964	#00BFC4
#00BFC4	0.517536731436497	0.487892568572177	#00BFC4
#C77CFF	0.4409222231167	0.469213734096882	#C77CFF
#00BFC4	0.551997442521621	0.506401010127346	#00BFC4
#00A9FF	0.394423812088258	0.376938895804244	#00A9FF
#00BFC4	0.4949020092555	0.520112678120324	#00BFC4
#00BFC4	0.505602651758797	0.478573495059437	#00BFC4
#00BE67	0.566853273066419	0.40505531501241	#00BE67
#C77CFF	0.444851430958544	0.586836243656947	#C77CFF
#00BFC4	0.525465377100489	0.401206269100701	#00BFC4
#00BFC4	0.502535866649419	0.395317347274668	#00BFC4
#00BFC4	0.551921088174495	0.386021745512056	#00BFC4
#00BFC4	0.528532034034606	0.342466015694331	#00BFC4
#00BFC4	0.539953303215758	0.401020936325129	#00BFC4
#00BE67	0.606036518830397	0.349796922734502	#00BE67
#CD9600	0.378730448482246	0.392580572742294	#CD9600
#00A9FF	0.435656909403048	0.388431336431861	#00A9FF
#00A9FF	0.497734725247634	0.348156194552412	#00A9FF
#00A9FF	0.484867324810165	0.337334630222572	#00A9FF
#C77CFF	0.512700361839214	0.439608092242202	#C77CFF
#C77CFF	0.504154585891546	0.495790618175735	#C77CFF
#C77CFF	0.523381854512296	0.465727945216382	#C77CFF
#C77CFF	0.472259200926059	0.500420529599205	#C77CFF
#C77CFF	0.479233123624263	0.479342053405653	#C77CFF
#C77CFF	0.464824911146087	0.473682907298807	#C77CFF
#C77CFF	0.481433998535947	0.512459181721695	#C77CFF
#C77CFF	0.45562871133018	0.52875456927134	#C77CFF
#C77CFF	0.430317368311957	0.426551389797983	#C77CFF
#00BFC4	0.565943447238698	0.468769981051327	#00BFC4
#00BFC4	0.516809258003445	0.498249550684767	#00BFC4
#00BFC4	0.529010855728902	0.454470188842096	#00BFC4
#C77CFF	0.486210533787695	0.474036234905532	#C77CFF
#C77CFF	0.512521784734813	0.518956086042104	#C77CFF
#C77CFF	0.469505658699281	0.519461487842431	#C77CFF
#00BFC4	0.53012164667891	0.503397151297045	#00BFC4
#C77CFF	0.459309422779218	0.48982007696061	#C77CFF
#C77CFF	0.476677024810889	0.488297737753921	#C77CFF
#C77CFF	0.416176390360326	0.504715564275736	#C77CFF
#00BFC4	0.529597356500295	0.519990239148154	#00BFC4
#00BFC4	0.538829925669519	0.44622368004098	#00BFC4
#00BFC4	0.50969423446832	0.453208658105829	#00BFC4
#C77CFF	0.454284519309926	0.513682423097118	#C77CFF
#C77CFF	0.452817269368803	0.49160433755309	#C77CFF
#C77CFF	0.44624499062482	0.494158431776857	#C77CFF
#C77CFF	0.461590011327995	0.517092726394235	#C77CFF
#00BE67	0.602184077032154	0.357628323040858	#00BE67
#00BFC4	0.489403328715258	0.580139341431423	#00BFC4
#00BFC4	0.540737981165721	0.578702254862896	#00BFC4
#7CAE00	0.572120967331136	0.628382835808614	#7CAE00
#00BFC4	0.56493615268287	0.48943334875012	#00BFC4
#CD9600	0.398939710291101	0.38811754323461	#CD9600
#00BFC4	0.597408399417011	0.513154805054672	#00BFC4
#00BFC4	0.534212534170744	0.609879425032318	#00BFC4
#7CAE00	0.65593135398097	0.666439863238071	#7CAE00
#FF61CC	0.646018302777473	0.647407731392494	#FF61CC
#FF61CC	0.55612396990543	0.619081252721466	#FF61CC
#FF61CC	0.647478989484612	0.643015146800788	#FF61CC
#7CAE00	0.625548403919711	0.701472355146706	#7CAE00
#00A9FF	0.421533434495732	0.37863789387003	#00A9FF
#7CAE00	0.625539176613448	0.669378317819799	#7CAE00
#00BFC4	0.536951109250224	0.54242304982871	#00BFC4
#00A9FF	0.488678391179223	0.454123289544047	#00A9FF
#7CAE00	0.628456045276117	0.6594957047563	#7CAE00
#7CAE00	0.584166213551162	0.60699044417308	#7CAE00
#FF61CC	0.71965357219205	0.725634789785117	#FF61CC
#FF61CC	0.562933137184888	0.598444999910403	#FF61CC
#00BFC4	0.584924316496497	0.561617185292373	#00BFC4
#00BE67	0.554482325542823	0.560276707981891	#00BE67
#00BFC4	0.515694284370519	0.565397041225266	#00BFC4
#FF61CC	0.565241279477194	0.58000336013361	#FF61CC
#00BFC4	0.49235082689021	0.535240451599808	#00BFC4
#00BFC4	0.503794321670332	0.536834348637843	#00BFC4
#00BFC4	0.537573979374935	0.589248203000128	#00BFC4
#C77CFF	0.466266859719485	0.542024003993297	#C77CFF
#00BFC4	0.525741838933298	0.517123627012207	#00BFC4
#C77CFF	0.511979451640146	0.476435744490527	#C77CFF
#C77CFF	0.497423291569852	0.515108315415467	#C77CFF
#C77CFF	0.484196768068988	0.525512260805376	#C77CFF
#00BFC4	0.505029277455373	0.465994785024847	#00BFC4
#C77CFF	0.440375707339116	0.542767845540755	#C77CFF
#CD9600	0.38193246641225	0.383638308474938	#CD9600
#C77CFF	0.499759399302161	0.456027031679385	#C77CFF
#C77CFF	0.472869767975752	0.504453633001413	#C77CFF
#C77CFF	0.517629065913477	0.494872628214351	#C77CFF
#C77CFF	0.499234285730596	0.462470829028234	#C77CFF
#C77CFF	0.533775533845764	0.485284082203245	#C77CFF
#C77CFF	0.471719531903672	0.463523555238801	#C77CFF
#C77CFF	0.491324378200344	0.476423447213514	#C77CFF
#C77CFF	0.524247353013516	0.51079231943398	#C77CFF
#C77CFF	0.518252347734662	0.546772426636898	#C77CFF
#C77CFF	0.398031819074318	0.482348442458188	#C77CFF
#CD9600	0.399440757584367	0.44316069278961	#CD9600
#C77CFF	0.54279049248499	0.50393704683944	#C77CFF
#C77CFF	0.531442090185734	0.5499887331305	#C77CFF
#C77CFF	0.491732585388548	0.484369735379463	#C77CFF
#C77CFF	0.501615706601274	0.553710441424429	#C77CFF
#00BFC4	0.512594205676578	0.51153380301744	#00BFC4
#00BFC4	0.534379219896602	0.492814026714337	#00BFC4
#00BE67	0.567527891388218	0.4866756332607	#00BE67
#00BE67	0.543381017824206	0.351571406383671	#00BE67
#00BE67	0.544344684575046	0.454979376372665	#00BE67
#00BE67	0.604123997130064	0.470314556848046	#00BE67
#00BE67	0.585506472166056	0.494261042707348	#00BE67
#00BE67	0.624198721335982	0.426202828703605	#00BE67
#00BE67	0.583383470212135	0.459825358819975	#00BE67
#00BE67	0.54046161326452	0.497827053447137	#00BE67
#00BE67	0.614759481447091	0.47796062437883	#00BE67
#00BFC4	0.584020479787369	0.397777230329363	#00BFC4
#00BE67	0.598036563442625	0.464272447913043	#00BE67
#7CAE00	0.611488941737025	0.51517247461541	#7CAE00
#00BE67	0.615376611730767	0.508464397916772	#00BE67
#00BFC4	0.522398720166372	0.459946522507072	#00BFC4
#00BFC4	0.505760560422346	0.588582357481224	#00BFC4
#00BFC4	0.528923883640137	0.565691108277659	#00BFC4
#7CAE00	0.633613105797279	0.532736934125365	#7CAE00
#7CAE00	0.611773679307885	0.511038178160424	#7CAE00
#C77CFF	0.383333862949415	0.586748755299518	#C77CFF
#00BFC4	0.587837285997461	0.530887269284313	#00BFC4
#00BFC4	0.548191420775909	0.537780841128227	#00BFC4
#C77CFF	0.472330098953364	0.46755665864101	#C77CFF
#00BFC4	0.540348923807732	0.50309693066188	#00BFC4
#00BFC4	0.489873206624504	0.52312772131227	#00BFC4
#00BE67	0.551824982711074	0.50019078411646	#00BE67
#00BFC4	0.50632663772662	0.452443855253415	#00BFC4
#C77CFF	0.515146529199687	0.476587808795597	#C77CFF
#CD9600	0.352148192022141	0.384986499267702	#CD9600
#C77CFF	0.519056870732529	0.524947598450717	#C77CFF
#C77CFF	0.418912713064002	0.436710467132085	#C77CFF
#CD9600	0.428923268773943	0.372158155235803	#CD9600
#C77CFF	0.548475047128784	0.513279601990839	#C77CFF
#C77CFF	0.48563633609132	0.451308234368683	#C77CFF
#C77CFF	0.438500661906264	0.517818117081907	#C77CFF
#C77CFF	0.486701530381748	0.486836056631366	#C77CFF
#00BFC4	0.482010002667995	0.423707014252065	#00BFC4
#00BFC4	0.542951854370112	0.522764322259267	#00BFC4
#00A9FF	0.444312744978879	0.428309810787806	#00A9FF
#00BFC4	0.522008967590695	0.516188308994937	#00BFC4
#00BFC4	0.539673198571769	0.548249077851342	#00BFC4
#00BE67	0.523044515411564	0.465102949516998	#00BE67
#00BFC4	0.513014304243325	0.55719749570147	#00BFC4
#00BFC4	0.511307501694448	0.547578201553564	#00BFC4
#00BFC4	0.568812377238198	0.557036757479925	#00BFC4
#00BFC4	0.551693555120546	0.578194342617398	#00BFC4
#00A9FF	0.386378955258593	0.346168170101638	#00A9FF
#C77CFF	0.510756387233649	0.584992712621603	#C77CFF
#C77CFF	0.497714180678221	0.532370043845086	#C77CFF
#7CAE00	0.617599334788601	0.586500102084313	#7CAE00
#00BFC4	0.503214384132923	0.497784968467519	#00BFC4
#00BE67	0.562466618565609	0.529232876531848	#00BE67
#00BFC4	0.559352430360975	0.544057756561291	#00BFC4
#00BE67	0.590943070288782	0.494117642430222	#00BE67
#00BE67	0.604135476812133	0.502957316114996	#00BE67
#00A9FF	0.508870845161451	0.405770766387066	#00A9FF
#00BFC4	0.53885760758831	0.542505792021702	#00BFC4
#00A9FF	0.410655733498671	0.377827250544196	#00A9FF
#C77CFF	0.498516039603808	0.504921848467732	#C77CFF
#00BE67	0.586251988515161	0.543017489997442	#00BE67
#00BFC4	0.555294552932491	0.545104329189085	#00BFC4
#00BFC4	0.524565066404069	0.507232624646669	#00BFC4
#00BE67	0.570548668141541	0.551457995602073	#00BE67
#00BE67	0.479868422230109	0.330226262639891	#00BE67
#00BFC4	0.557575836698956	0.440529867933829	#00BFC4
#00BE67	0.495228538255844	0.54357237540879	#00BE67
#00BE67	0.477980506679813	0.536327996291853	#00BE67
#00BE67	0.573455897801471	0.504406699960537	#00BE67
#00BFC4	0.527564312776111	0.497128899891925	#00BFC4
#00BE67	0.595827284617627	0.409210572772353	#00BE67
#00BE67	0.593475798041545	0.414801794296923	#00BE67
#00BFC4	0.509783175411677	0.479458216550319	#00BFC4
#00BFC4	0.563536313303822	0.418718734554465	#00BFC4
#00BE67	0.554409458660927	0.455670101060032	#00BE67
#00BFC4	0.562103592036686	0.382471675186882	#00BFC4
#C77CFF	0.371557369866572	0.570266647333029	#C77CFF
#00BFC4	0.468562792868379	0.515832470943041	#00BFC4
#00BFC4	0.485782035611457	0.553567203517008	#00BFC4
#00BFC4	0.463945273194342	0.537491814743239	#00BFC4
#C77CFF	0.442924225632127	0.522016704870098	#C77CFF
#CD9600	0.35158055755975	0.388729168866587	#CD9600
#CD9600	0.409606647513361	0.370896624499537	#CD9600
#C77CFF	0.502819209481081	0.50773786407729	#C77CFF
#CD9600	0.336461391650112	0.427098846341486	#CD9600
#CD9600	0.421452609640654	0.364115430070045	#CD9600
#CD9600	0.424011784222782	0.36585775816408	#CD9600
#C77CFF	0.444590759665982	0.529483593208082	#C77CFF
#CD9600	0.331293834489606	0.399585399196732	#CD9600
#C77CFF	0.466095541066756	0.515995557240052	#C77CFF
#CD9600	0.299438306342666	0.401293071178993	#CD9600
#CD9600	0.310258519301603	0.35098716979448	#CD9600
#C77CFF	0.455146118649441	0.537899494370154	#C77CFF
#C77CFF	0.394074362271258	0.542287332797422	#C77CFF
#00BFC4	0.497664367092067	0.528091111952876	#00BFC4
#00BFC4	0.514780113440965	0.4962355143731	#00BFC4
#C77CFF	0.369022261562742	0.507037372335145	#C77CFF
#C77CFF	0.443283348695521	0.500791195150349	#C77CFF
#C77CFF	0.422665468001987	0.492233291240954	#C77CFF
#CD9600	0.356252077806681	0.402413712083303	#CD9600
#C77CFF	0.465810391799421	0.515055208443908	#C77CFF
#C77CFF	0.465964079232573	0.487044871045598	#C77CFF
#C77CFF	0.486821512533863	0.48314398355887	#C77CFF
#C77CFF	0.475937248302818	0.455862670097302	#C77CFF
#C77CFF	0.488950254328817	0.533901047079719	#C77CFF
#C77CFF	0.510575429578181	0.521795583290321	#C77CFF
#CD9600	0.445999158304295	0.343224797097235	#CD9600
#C77CFF	0.508350076691722	0.545090756626999	#C77CFF
#C77CFF	0.502659370510419	0.514352176590996	#C77CFF
#C77CFF	0.51139184395459	0.53768815962222	#C77CFF
#C77CFF	0.497014672685172	0.502087381998388	#C77CFF
#00BFC4	0.52224852019845	0.503729517598814	#00BFC4
#00A9FF	0.450741258813661	0.354012980600375	#00A9FF
#C77CFF	0.462525172767094	0.514069293900248	#C77CFF
#C77CFF	0.449344657622286	0.542947024733554	#C77CFF
#00BFC4	0.506390688998728	0.530031070099495	#00BFC4
#00BFC4	0.4787471374099	0.507756477306782	#00BFC4
#00A9FF	0.401429187691694	0.330993433344835	#00A9FF
#00BFC4	0.49879082040706	0.493586380679328	#00BFC4
#C77CFF	0.453995059184411	0.486820126105283	#C77CFF
#C77CFF	0.466393688626797	0.427880845116524	#C77CFF
#C77CFF	0.458820266864495	0.472494331923689	#C77CFF
#C77CFF	0.497824935524072	0.496583933445682	#C77CFF
#00BFC4	0.55858005548603	0.409168487792734	#00BFC4
#C77CFF	0.533990608478744	0.529237592459843	#C77CFF
#C77CFF	0.471565432774045	0.486459247385982	#C77CFF
#C77CFF	0.395785381746707	0.542786418645272	#C77CFF
#C77CFF	0.500396824877694	0.546192956560056	#C77CFF
#00BFC4	0.515593863745094	0.506504723513826	#00BFC4
#CD9600	0.353475164519293	0.351094506541499	#CD9600
#00BFC4	0.475422884951977	0.51984209270659	#00BFC4
#C77CFF	0.455613332486407	0.475264507059828	#C77CFF
#00A9FF	0.401689858984255	0.3883460837937	#00A9FF
#00BFC4	0.518134995411171	0.449133622205176	#00BFC4
#C77CFF	0.506683826179079	0.400702112349005	#C77CFF
#00BFC4	0.571811907131453	0.410011276785171	#00BFC4
#00BFC4	0.574470768573839	0.34839938046398	#00BFC4
#C77CFF	0.4618287405428	0.494484644495853	#C77CFF
#C77CFF	0.453136123917176	0.46822642202342	#C77CFF
#C77CFF	0.463201309699532	0.473991791961916	#C77CFF
#00BFC4	0.572644112048109	0.484468560579711	#00BFC4
#00BE67	0.62867362156246	0.460121936317538	#00BE67
#00BFC4	0.501253061828994	0.452209048755353	#00BFC4
#00BFC4	0.47220631157115	0.485443585264692	#00BFC4
#00BFC4	0.506953690534248	0.383194555429384	#00BFC4
#C77CFF	0.417834804002081	0.353315949849062	#C77CFF
#00BFC4	0.51088010612855	0.353197296607135	#00BFC4
#00BFC4	0.492797333738845	0.407868667695625	#00BFC4
#00BFC4	0.568979758181744	0.308124248473063	#00BFC4
#7CAE00	0.573033992799049	0.570223175282986	#7CAE00
#00BFC4	0.4651495994671	0.50166852789836	#00BFC4
#00BFC4	0.519391069881017	0.448105500437167	#00BFC4
#00BFC4	0.538351232150485	0.476215908084355	#00BFC4
#00BFC4	0.566974524551613	0.523541422388695	#00BFC4
#C77CFF	0.374436634086499	0.563854995650782	#C77CFF
#00BFC4	0.533268712467807	0.306965308319377	#00BFC4
#C77CFF	0.490183241259266	0.325591005586669	#C77CFF
#00BFC4	0.58198702436671	0.369841245822004	#00BFC4
#00A9FF	0.473060074039777	0.21387239783306	#00A9FF
#00BE67	0.62434850960743	0.377345188360734	#00BE67
#00BFC4	0.562419370816305	0.34839574721491	#00BFC4
#00BFC4	0.594452369153483	0.394112546870499	#00BFC4
#C77CFF	0.472287166366063	0.459780885639916	#C77CFF
#C77CFF	0.486938418917223	0.468753898044071	#C77CFF
#CD9600	0.418842832323077	0.454899124276934	#CD9600
#C77CFF	0.464202452717852	0.431932399378519	#C77CFF
#C77CFF	0.457654780123905	0.520070593140705	#C77CFF
#CD9600	0.418093828508743	0.390370019293408	#CD9600
#C77CFF	0.429209369609491	0.525244195725345	#C77CFF
#C77CFF	0.483331269567769	0.480447886587779	#C77CFF
#C77CFF	0.475470034465852	0.518497657407627	#C77CFF
#C77CFF	0.482373059136751	0.53028305217227	#C77CFF
#C77CFF	0.422352353294648	0.531932586404099	#C77CFF
#C77CFF	0.444906950142076	0.50048231048724	#C77CFF
#C77CFF	0.458949888019348	0.505970941429229	#C77CFF
#C77CFF	0.445466180691153	0.474794894063706	#C77CFF
#C77CFF	0.462020032418694	0.463003345716291	#C77CFF
#CD9600	0.38090446486809	0.339564879579874	#CD9600
#CD9600	0.355727787628066	0.419006799934412	#CD9600
#C77CFF	0.520514893367388	0.514931646667839	#C77CFF
#C77CFF	0.508019330764806	0.530751267638589	#C77CFF
#C77CFF	0.500468546297949	0.52347837610412	#C77CFF
#C77CFF	0.474362319284599	0.48026870739498	#C77CFF
#C77CFF	0.487794278415704	0.476649589683632	#C77CFF
#C77CFF	0.466477301425595	0.442883669178668	#C77CFF
#C77CFF	0.538711496371699	0.435172177622248	#C77CFF
#C77CFF	0.431283699135076	0.53558272697815	#C77CFF
#C77CFF	0.456629442652024	0.481620531436813	#C77CFF
#C77CFF	0.490596493070817	0.481705784074975	#C77CFF
#00BFC4	0.527472707760475	0.465255974256262	#00BFC4
#CD9600	0.311607022180036	0.391981264164394	#CD9600
#C77CFF	0.381861284863733	0.553423935373144	#C77CFF
#C77CFF	0.408953687748105	0.506158794538504	#C77CFF
#C77CFF	0.432650940147249	0.503843140061867	#C77CFF
#C77CFF	0.402727945471285	0.581617085213323	#C77CFF
#C77CFF	0.424802291641563	0.447763204710915	#C77CFF
#00BFC4	0.435255393624089	0.548952119592786	#00BFC4
#C77CFF	0.404313208709931	0.462532619804801	#C77CFF
#C77CFF	0.455033394948998	0.436215126889504	#C77CFF
#C77CFF	0.439824146938186	0.468153466662271	#C77CFF
#00BFC4	0.563849144489947	0.51594119533133	#00BFC4
#00BFC4	0.586987166340015	0.539312957278227	#00BFC4
#00BFC4	0.55240872547858	0.525045310735598	#00BFC4
#00A9FF	0.449865426092015	0.403627034493621	#00A9FF
#00BFC4	0.563204460462743	0.531151711003806	#00BFC4
#C77CFF	0.440394857169331	0.475108809505689	#C77CFF
#00BFC4	0.529621834475069	0.463577937495433	#00BFC4
#00A9FF	0.42798921855283	0.395548530412191	#00A9FF
#7CAE00	0.61693086800431	0.526275808720629	#7CAE00
#00BFC4	0.579025510612673	0.518470410386635	#00BFC4
#00BFC4	0.497385241186978	0.406550386850197	#00BFC4
#00BFC4	0.520028778977763	0.401349669377828	#00BFC4
#7CAE00	0.61153761416536	0.539269627249979	#7CAE00
#00BFC4	0.57171079128834	0.482966069762611	#00BFC4
#00BFC4	0.562407607613024	0.45267474388797	#00BFC4
#7CAE00	0.620349801246624	0.556761131398785	#7CAE00
#00A9FF	0.487810640302199	0.408510193386406	#00A9FF
#C77CFF	0.541814650834394	0.499733428272376	#C77CFF
